7629	384
11818	359
21723	334
19140	332
24378	315
26395	297
25147	295
27719	293
20515	291
5016	287
27751	285
25951	280
2521	277
13435	268
5284	262
4561	260
24259	257
7848	251
24474	249
7320	240
1431	236
3059	228
19796	226
1676	225
22005	224
21437	223
18468	220
6078	219
4161	218
13920	214
11203	213
1808	211
414	210
3011	209
24866	208
26436	206
3267	204
15890	203
22690	202
20694	201
6996	199
19625	197
12629	196
14417	195
8241	194
15708	193
1745	190
26897	189
5723	188
14070	187
8800	186
11475	185
6474	184
9755	182
377	180
23415	178
6113	177
18939	176
23953	175
2296	174
24607	173
7652	172
22902	171
7872	170
986	169
4250	168
24022	167
8150	166
15685	165
26725	164
8151	163
2555	162
8514	161
4808	160
9239	159
26397	158
5567	157
21420	156
5019	155
7680	154
8651	153
13427	152
5064	151
18148	150
6142	149
14293	148
279	147
8559	146
9394	145
3111	144
5066	143
8256	142
3648	141
8545	140
9847	139
23769	138
8320	137
26561	136
8597	135
2760	134
3965	133
3844	132
27096	131
9526	130
25067	129
6912	128
7352	127
8906	126
8954	125
5976	124
5690	123
5169	122
6657	121
8835	120
9565	119
7534	118
5994	117
8957	116
9722	115
8546	114
958	113
8578	112
8523	111
8111	110
9299	109
9685	108
9547	107
8924	106
5073	105
9355	104
9501	103
6466	102
9729	101
836	100
9257	99
9874	98
8065	97
8172	96
8371	95
6331	94
9981	93
9373	92
7517	91
9867	90
9703	89
8914	88
9820	87
9587	86
8996	85
9426	84
9870	83
7811	82
8705	81
9458	80
7180	79
9760	78
9530	77
9752	76
9623	75
9657	74
9872	73
9325	72
8852	71
9232	70
95	69
8457	68
8909	67
9745	66
905	65
9316	64
9189	63
902	62
8949	61
9564	60
9116	59
968	58
9714	57
9092	56
8905	55
9419	54
9125	53
9222	52
9681	51
9665	50
9381	49
9432	48
991	47
9952	46
9742	45
7966	44
9634	43
9964	42
9852	41
9883	40
9863	39
9504	38
9933	37
8795	36
9962	35
963	34
9812	33
9941	32
9932	31
9953	30
9678	29
9907	28
9643	27
9814	26
9749	25
9628	24
9997	23
9954	22
9923	21
9986	20
9955	19
9850	18
9925	17
9733	16
980	15
9936	14
995	13
9935	12
9901	11
9854	10
9999	9
9915	8
9984	7
9839	6
9858	5
998	4
9991	3
9987	2
9998	1
